I7_Index_ID,I5_Index_ID,index,index2,Sample_ID,Sample_Name,well_id
NEXT-i7-IDT-185,NEXT-i5-IDT-1,GCCACTTA,ACGATCAG,,,A1
NEXT-i7-IDT-1,NEXT-i5-IDT-97,CTGATCGT,TGATAGGC,,,A2
NEXT-i7-IDT-97,NEXT-i5-IDT-9,GCCTATCA,ATTAGCCG,,,A3
NEXT-i7-IDT-9,NEXT-i5-IDT-105,CGGCTAAT,CCAAGTAG,,,A4
NEXT-i7-IDT-105,NEXT-i5-IDT-17,CTACTTGG,AGATCGTC,,,A5
NEXT-i7-IDT-17,NEXT-i5-IDT-113,GACGATCT,GTCAGTCA,,,A6
NEXT-i7-IDT-113,NEXT-i5-IDT-25,TGACTGAC,GATCAAGG,,,A7
NEXT-i7-IDT-25,NEXT-i5-IDT-121,CCTTGATC,ACAAGCTC,,,A8
NEXT-i7-IDT-121,NEXT-i5-IDT-33,GAGCTTGT,CACTTCAC,,,A9
NEXT-i7-IDT-33,NEXT-i5-IDT-129,GTGAAGTG,CTAACCTG,,,A10
NEXT-i7-IDT-129,NEXT-i5-IDT-41,CAGGTTAG,CGAACAAC,,,A11
NEXT-i7-IDT-41,NEXT-i5-IDT-137,GTTGTTCG,AACACCAC,,,A12
NEXT-i7-IDT-137,NEXT-i5-IDT-49,GTGGTGTT,TACTGCTC,,,A13
NEXT-i7-IDT-49,NEXT-i5-IDT-145,GAGCAGTA,ATTCCGCT,,,A14
NEXT-i7-IDT-145,NEXT-i5-IDT-57,AGCGGAAT,GACGTCAT,,,A15
NEXT-i7-IDT-57,NEXT-i5-IDT-153,ATGACGTC,CTCAAGCT,,,A16
NEXT-i7-IDT-153,NEXT-i5-IDT-65,AGCTTGAG,ATAGAGCG,,,A17
NEXT-i7-IDT-65,NEXT-i5-IDT-161,CGCTCTAT,CACAGGAA,,,A18
NEXT-i7-IDT-161,NEXT-i5-IDT-73,TTCCTGTG,AGGTCAAC,,,A19
NEXT-i7-IDT-73,NEXT-i5-IDT-169,GTTGACCT,AGAAGGAC,,,A20
NEXT-i7-IDT-169,NEXT-i5-IDT-81,GTCCTTCT,TAACGTCG,,,A21
NEXT-i7-IDT-81,NEXT-i5-IDT-177,CGACGTTA,CTCGAACA,,,A22
NEXT-i7-IDT-177,NEXT-i5-IDT-89,TGTTCGAG,ACGAGAAC,,,A23
NEXT-i7-IDT-89,NEXT-i5-IDT-185,GTTCTCGT,TAAGTGGC,,,A24
NEXT-i7-IDT-377,NEXT-i5-IDT-193,AATGCCTC,GAACGAAG,,,B1
NEXT-i7-IDT-193,NEXT-i5-IDT-289,CTTCGTTC,AGGCAATG,,,B2
NEXT-i7-IDT-289,NEXT-i5-IDT-201,CATTGCCT,ACTGCTTG,,,B3
NEXT-i7-IDT-201,NEXT-i5-IDT-297,CAAGCAGT,ATGCCTAG,,,B4
NEXT-i7-IDT-297,NEXT-i5-IDT-209,CTAGGCAT,AACACTGG,,,B5
NEXT-i7-IDT-209,NEXT-i5-IDT-305,CCAGTGTT,AAGGAGAC,,,B6
NEXT-i7-IDT-305,NEXT-i5-IDT-217,GTCTCCTT,GTTGCTGT,,,B7
NEXT-i7-IDT-217,NEXT-i5-IDT-313,ACAGCAAC,CTAGGTTG,,,B8
NEXT-i7-IDT-313,NEXT-i5-IDT-225,CAACCTAG,CACCAGTT,,,B9
NEXT-i7-IDT-225,NEXT-i5-IDT-321,AACTGGTG,AACGCACA,,,B10
NEXT-i7-IDT-321,NEXT-i5-IDT-233,TGTGCGTT,AAGGAAGG,,,B11
NEXT-i7-IDT-233,NEXT-i5-IDT-329,CCTTCCTT,CGCAACTA,,,B12
NEXT-i7-IDT-329,NEXT-i5-IDT-241,TAGTTGCG,TGCACTTG,,,B13
NEXT-i7-IDT-241,NEXT-i5-IDT-337,CAAGTGCA,CCTAAGTC,,,B14
NEXT-i7-IDT-337,NEXT-i5-IDT-249,GACTTAGG,ACAACAGC,,,B15
NEXT-i7-IDT-249,NEXT-i5-IDT-345,GCTGTTGT,GACATCTC,,,B16
NEXT-i7-IDT-345,NEXT-i5-IDT-257,GAGATGTC,TAGAACGC,,,B17
NEXT-i7-IDT-257,NEXT-i5-IDT-353,GCGTTCTA,AGTGCATC,,,B18
NEXT-i7-IDT-353,NEXT-i5-IDT-265,GATGCACT,TCAGCCTT,,,B19
NEXT-i7-IDT-265,NEXT-i5-IDT-361,AAGGCTGA,CAACTGAC,,,B20
NEXT-i7-IDT-361,NEXT-i5-IDT-273,GTCAGTTG,GCCAGAAT,,,B21
NEXT-i7-IDT-273,NEXT-i5-IDT-369,ATTCTGGC,AGAAGCCT,,,B22
NEXT-i7-IDT-369,NEXT-i5-IDT-281,AGGCTTCT,CACATGGT,,,B23
NEXT-i7-IDT-281,NEXT-i5-IDT-377,ACCATGTG,GAGGCATT,,,B24
NEXT-i7-IDT-186,NEXT-i5-IDT-2,ACCTGACT,TCGAGAGT,,,C1
NEXT-i7-IDT-2,NEXT-i5-IDT-98,ACTCTCGA,CATCCAAG,,,C2
NEXT-i7-IDT-98,NEXT-i5-IDT-10,CTTGGATG,CGATCGAT,,,C3
NEXT-i7-IDT-10,NEXT-i5-IDT-106,ATCGATCG,AACTGAGG,,,C4
NEXT-i7-IDT-106,NEXT-i5-IDT-18,CCTCAGTT,GCTCAGTT,,,C5
NEXT-i7-IDT-18,NEXT-i5-IDT-114,AACTGAGC,CACGTCTA,,,C6
NEXT-i7-IDT-114,NEXT-i5-IDT-26,TAGACGTG,TCTTCGAC,,,C7
NEXT-i7-IDT-26,NEXT-i5-IDT-122,GTCGAAGA,GAACCTTC,,,C8
NEXT-i7-IDT-122,NEXT-i5-IDT-34,GAAGGTTC,TAGCCATG,,,C9
NEXT-i7-IDT-34,NEXT-i5-IDT-130,CATGGCTA,AGCCAACT,,,C10
NEXT-i7-IDT-130,NEXT-i5-IDT-42,AGTTGGCT,AACAACCG,,,C11
NEXT-i7-IDT-42,NEXT-i5-IDT-138,CGGTTGTT,GTAAGCAC,,,C12
NEXT-i7-IDT-138,NEXT-i5-IDT-50,GTGCTTAC,GACGAACT,,,C13
NEXT-i7-IDT-50,NEXT-i5-IDT-146,AGTTCGTC,AAGCTCAC,,,C14
NEXT-i7-IDT-146,NEXT-i5-IDT-58,GTGAGCTT,ACGTCCAA,,,C15
NEXT-i7-IDT-58,NEXT-i5-IDT-154,TTGGACGT,AACCACTC,,,C16
NEXT-i7-IDT-154,NEXT-i5-IDT-66,GAGTGGTT,GACCGATA,,,C17
NEXT-i7-IDT-66,NEXT-i5-IDT-162,TATCGGTC,ACTCAACG,,,C18
NEXT-i7-IDT-162,NEXT-i5-IDT-74,CGTTGAGT,TACACACG,,,C19
NEXT-i7-IDT-74,NEXT-i5-IDT-170,CGTGTGTA,GCGTATCA,,,C20
NEXT-i7-IDT-170,NEXT-i5-IDT-82,TGATACGC,AAGGCGTA,,,C21
NEXT-i7-IDT-82,NEXT-i5-IDT-178,TACGCCTT,ACATGGAG,,,C22
NEXT-i7-IDT-178,NEXT-i5-IDT-90,CTCCATGT,AAGCCTGA,,,C23
NEXT-i7-IDT-90,NEXT-i5-IDT-186,TCAGGCTT,AGTCAGGT,,,C24
NEXT-i7-IDT-378,NEXT-i5-IDT-194,TGAGGTGT,ACCTAGAC,,,D1
NEXT-i7-IDT-194,NEXT-i5-IDT-290,GTCTAGGT,TCACCTAG,,,D2
NEXT-i7-IDT-290,NEXT-i5-IDT-202,CTAGGTGA,GCCTATGT,,,D3
NEXT-i7-IDT-202,NEXT-i5-IDT-298,ACATAGGC,CAACTCCA,,,D4
NEXT-i7-IDT-298,NEXT-i5-IDT-210,TGGAGTTG,TTGGTGCA,,,D5
NEXT-i7-IDT-210,NEXT-i5-IDT-306,TGCACCAA,TGTCGACT,,,D6
NEXT-i7-IDT-306,NEXT-i5-IDT-218,AGTCGACA,AGAACCAG,,,D7
NEXT-i7-IDT-218,NEXT-i5-IDT-314,CTGGTTCT,GTGTCCTT,,,D8
NEXT-i7-IDT-314,NEXT-i5-IDT-226,AAGGACAC,GTATTCCG,,,D9
NEXT-i7-IDT-226,NEXT-i5-IDT-322,CGGAATAC,TAGTCTCG,,,D10
NEXT-i7-IDT-322,NEXT-i5-IDT-234,CGAGACTA,AGCGTGTA,,,D11
NEXT-i7-IDT-234,NEXT-i5-IDT-330,TACACGCT,TCCGATCA,,,D12
NEXT-i7-IDT-330,NEXT-i5-IDT-242,TGATCGGA,TCACTCGA,,,D13
NEXT-i7-IDT-242,NEXT-i5-IDT-338,TCGAGTGA,TTCGTACG,,,D14
NEXT-i7-IDT-338,NEXT-i5-IDT-250,CGTACGAA,AGCCGTAA,,,D15
NEXT-i7-IDT-250,NEXT-i5-IDT-346,TTACGGCT,CAACCGTA,,,D16
NEXT-i7-IDT-346,NEXT-i5-IDT-258,TACGGTTG,AACCAGAG,,,D17
NEXT-i7-IDT-258,NEXT-i5-IDT-354,CTCTGGTT,GCATTGGT,,,D18
NEXT-i7-IDT-354,NEXT-i5-IDT-266,ACCAATGC,AAGCATCG,,,D19
NEXT-i7-IDT-266,NEXT-i5-IDT-362,CGATGCTT,TGCTCTAC,,,D20
NEXT-i7-IDT-362,NEXT-i5-IDT-274,GTAGAGCA,CGAGAGAA,,,D21
NEXT-i7-IDT-274,NEXT-i5-IDT-370,TTCTCTCG,CACGATTC,,,D22
NEXT-i7-IDT-370,NEXT-i5-IDT-282,GAATCGTG,CGAGTTAG,,,D23
NEXT-i7-IDT-282,NEXT-i5-IDT-378,CTAACTCG,ACACCTCA,,,D24
NEXT-i7-IDT-187,NEXT-i5-IDT-3,GTTAAGGC,CTAGCTCA,,,E1
NEXT-i7-IDT-3,NEXT-i5-IDT-99,TGAGCTAG,GTGAGACT,,,E2
NEXT-i7-IDT-99,NEXT-i5-IDT-11,AGTCTCAC,GATCTTGC,,,E3
NEXT-i7-IDT-11,NEXT-i5-IDT-107,GCAAGATC,AGGTAGGA,,,E4
NEXT-i7-IDT-107,NEXT-i5-IDT-19,TCCTACCT,GTCCTAAG,,,E5
NEXT-i7-IDT-19,NEXT-i5-IDT-115,CTTAGGAC,AATTCCGG,,,E6
NEXT-i7-IDT-115,NEXT-i5-IDT-27,CCGGAATT,ATCGTGGT,,,E7
NEXT-i7-IDT-27,NEXT-i5-IDT-123,ACCACGAT,AGCGAGAT,,,E8
NEXT-i7-IDT-123,NEXT-i5-IDT-35,ATCTCGCT,ACAGGCAT,,,E9
NEXT-i7-IDT-35,NEXT-i5-IDT-131,ATGCCTGT,CCAGTTGA,,,E10
NEXT-i7-IDT-131,NEXT-i5-IDT-43,TCAACTGG,ACCTCAGT,,,E11
NEXT-i7-IDT-43,NEXT-i5-IDT-139,ACTGAGGT,GTCCTTGA,,,E12
NEXT-i7-IDT-139,NEXT-i5-IDT-51,TCAAGGAC,CTTCGCAA,,,E13
NEXT-i7-IDT-51,NEXT-i5-IDT-147,TTGCGAAG,TGATCACG,,,E14
NEXT-i7-IDT-147,NEXT-i5-IDT-59,CGTGATCA,GATCCACT,,,E15
NEXT-i7-IDT-59,NEXT-i5-IDT-155,AGTGGATC,CTTACAGC,,,E16
NEXT-i7-IDT-155,NEXT-i5-IDT-67,GCTGTAAG,CAGACGTT,,,E17
NEXT-i7-IDT-67,NEXT-i5-IDT-163,AACGTCTG,AAGCGACT,,,E18
NEXT-i7-IDT-163,NEXT-i5-IDT-75,AGTCGCTT,CAAGTCGT,,,E19
NEXT-i7-IDT-75,NEXT-i5-IDT-171,ACGACTTG,CAACACAG,,,E20
NEXT-i7-IDT-171,NEXT-i5-IDT-83,CTGTGTTG,TCTTACGG,,,E21
NEXT-i7-IDT-83,NEXT-i5-IDT-179,CCGTAAGA,ACAAGACG,,,E22
NEXT-i7-IDT-179,NEXT-i5-IDT-91,CGTCTTGT,CTACAAGG,,,E23
NEXT-i7-IDT-91,NEXT-i5-IDT-187,CCTTGTAG,GCCTTAAC,,,E24
NEXT-i7-IDT-379,NEXT-i5-IDT-195,ACATTGCG,TACGACGT,,,F1
NEXT-i7-IDT-195,NEXT-i5-IDT-291,ACGTCGTA,CATACGGA,,,F2
NEXT-i7-IDT-291,NEXT-i5-IDT-203,TCCGTATG,GTACCACA,,,F3
NEXT-i7-IDT-203,NEXT-i5-IDT-299,TGTGGTAC,AAGTCCTC,,,F4
NEXT-i7-IDT-299,NEXT-i5-IDT-211,GAGGACTT,CCTGTCAA,,,F5
NEXT-i7-IDT-211,NEXT-i5-IDT-307,TTGACAGG,TCAATCCG,,,F6
NEXT-i7-IDT-307,NEXT-i5-IDT-219,CGGATTGA,GATGTCGA,,,F7
NEXT-i7-IDT-219,NEXT-i5-IDT-315,TCGACATC,TACCTGCA,,,F8
NEXT-i7-IDT-315,NEXT-i5-IDT-227,TGCAGGTA,TTCGAAGC,,,F9
NEXT-i7-IDT-227,NEXT-i5-IDT-323,GCTTCGAA,ACTCTGAG,,,F10
NEXT-i7-IDT-323,NEXT-i5-IDT-235,CTCAGAGT,TCTACGCA,,,F11
NEXT-i7-IDT-235,NEXT-i5-IDT-331,TGCGTAGA,CAACTTGG,,,F12
NEXT-i7-IDT-331,NEXT-i5-IDT-243,CCAAGTTG,CACTGTAG,,,F13
NEXT-i7-IDT-243,NEXT-i5-IDT-339,CTACAGTG,TCCTGGTA,,,F14
NEXT-i7-IDT-339,NEXT-i5-IDT-251,TACCAGGA,CTCTTGTC,,,F15
NEXT-i7-IDT-251,NEXT-i5-IDT-347,GACAAGAG,TGCGATAG,,,F16
NEXT-i7-IDT-347,NEXT-i5-IDT-259,CTATCGCA,CGACCTAA,,,F17
NEXT-i7-IDT-259,NEXT-i5-IDT-355,TTAGGTCG,CTTAGGAC,,,F18
NEXT-i7-IDT-355,NEXT-i5-IDT-267,GTCCTAAG,GCCAATAC,,,F19
NEXT-i7-IDT-267,NEXT-i5-IDT-363,GTATTGGC,CATCACGT,,,F20
NEXT-i7-IDT-363,NEXT-i5-IDT-275,ACGTGATG,AACTCGGA,,,F21
NEXT-i7-IDT-275,NEXT-i5-IDT-371,TCCGAGTT,AAGCTGGT,,,F22
NEXT-i7-IDT-371,NEXT-i5-IDT-283,ACCAGCTT,AGCTAAGC,,,F23
NEXT-i7-IDT-283,NEXT-i5-IDT-379,GCTTAGCT,CGCAATGT,,,F24
NEXT-i7-IDT-188,NEXT-i5-IDT-4,ATGCCAAC,ATCGTCTC,,,G1
NEXT-i7-IDT-4,NEXT-i5-IDT-100,GAGACGAT,CTGATGAG,,,G2
NEXT-i7-IDT-100,NEXT-i5-IDT-12,CTCATCAG,AGGATAGC,,,G3
NEXT-i7-IDT-12,NEXT-i5-IDT-108,GCTATCCT,TTCGCCAT,,,G4
NEXT-i7-IDT-108,NEXT-i5-IDT-20,ATGGCGAA,TATGGCAC,,,G5
NEXT-i7-IDT-20,NEXT-i5-IDT-116,GTGCCATA,TCTAGGAG,,,G6
NEXT-i7-IDT-116,NEXT-i5-IDT-28,CTCCTAGA,CGGTAATC,,,G7
NEXT-i7-IDT-28,NEXT-i5-IDT-124,GATTACCG,CCGTAACT,,,G8
NEXT-i7-IDT-124,NEXT-i5-IDT-36,AGTTACGG,AGGTGTTG,,,G9
NEXT-i7-IDT-36,NEXT-i5-IDT-132,CAACACCT,AAGTGCAG,,,G10
NEXT-i7-IDT-132,NEXT-i5-IDT-44,CTGCACTT,CGTCTTCA,,,G11
NEXT-i7-IDT-44,NEXT-i5-IDT-140,TGAAGACG,CAGGTTCA,,,G12
NEXT-i7-IDT-140,NEXT-i5-IDT-52,TGAACCTG,ATGGCGAT,,,G13
NEXT-i7-IDT-52,NEXT-i5-IDT-148,ATCGCCAT,CAATGCGA,,,G14
NEXT-i7-IDT-148,NEXT-i5-IDT-60,TCGCATTG,AGCCTATC,,,G15
NEXT-i7-IDT-60,NEXT-i5-IDT-156,GATAGGCT,AGTCTTGG,,,G16
NEXT-i7-IDT-156,NEXT-i5-IDT-68,CCAAGACT,CTGAACGT,,,G17
NEXT-i7-IDT-68,NEXT-i5-IDT-164,ACGTTCAG,CCTACCTA,,,G18
NEXT-i7-IDT-164,NEXT-i5-IDT-76,TAGGTAGG,AGCTAGTG,,,G19
NEXT-i7-IDT-76,NEXT-i5-IDT-172,CACTAGCT,TCCACGTT,,,G20
NEXT-i7-IDT-172,NEXT-i5-IDT-84,AACGTGGA,CGTGTGAT,,,G21
NEXT-i7-IDT-84,NEXT-i5-IDT-180,ATCACACG,CGCCTTAT,,,G22
NEXT-i7-IDT-180,NEXT-i5-IDT-92,ATAAGGCG,CGATGTTC,,,G23
NEXT-i7-IDT-92,NEXT-i5-IDT-188,GAACATCG,GTTGGCAT,,,G24
NEXT-i7-IDT-380,NEXT-i5-IDT-196,TCTCTAGG,TTGAGCTC,,,H1
NEXT-i7-IDT-196,NEXT-i5-IDT-292,GAGCTCAA,GTCATCGT,,,H2
NEXT-i7-IDT-292,NEXT-i5-IDT-204,ACGATGAC,TAGTGGTG,,,H3
NEXT-i7-IDT-204,NEXT-i5-IDT-300,CACCACTA,GTCGATTG,,,H4
NEXT-i7-IDT-300,NEXT-i5-IDT-212,CAATCGAC,CTATGCCT,,,H5
NEXT-i7-IDT-212,NEXT-i5-IDT-308,AGGCATAG,GACTTGTG,,,H6
NEXT-i7-IDT-308,NEXT-i5-IDT-220,CACAAGTC,AGGAGGTT,,,H7
NEXT-i7-IDT-220,NEXT-i5-IDT-316,AACCTCCT,CCTTAGGT,,,H8
NEXT-i7-IDT-316,NEXT-i5-IDT-228,ACCTAAGG,AGACCTTG,,,H9
NEXT-i7-IDT-228,NEXT-i5-IDT-324,CAAGGTCT,GTTATGGC,,,H10
NEXT-i7-IDT-324,NEXT-i5-IDT-236,GCCATAAC,TGGCTCTT,,,H11
NEXT-i7-IDT-236,NEXT-i5-IDT-332,AAGAGCCA,TCAGTAGG,,,H12
NEXT-i7-IDT-332,NEXT-i5-IDT-244,CCTACTGA,GTACGATC,,,H13
NEXT-i7-IDT-244,NEXT-i5-IDT-340,GATCGTAC,CATTGACG,,,H14
NEXT-i7-IDT-340,NEXT-i5-IDT-252,CGTCAATG,CAGATCCT,,,H15
NEXT-i7-IDT-252,NEXT-i5-IDT-348,AGGATCTG,TGGTTCGA,,,H16
NEXT-i7-IDT-348,NEXT-i5-IDT-260,TCGAACCA,CTCTCAGA,,,H17
NEXT-i7-IDT-260,NEXT-i5-IDT-356,TCTGAGAG,ATAGTCGG,,,H18
NEXT-i7-IDT-356,NEXT-i5-IDT-268,CCGACTAT,GACACAGT,,,H19
NEXT-i7-IDT-268,NEXT-i5-IDT-364,ACTGTGTC,GCCACTTA,,,H20
NEXT-i7-IDT-364,NEXT-i5-IDT-276,TAAGTGGC,ACAGTTCG,,,H21
NEXT-i7-IDT-276,NEXT-i5-IDT-372,CGAACTGT,GCAATGAG,,,H22
NEXT-i7-IDT-372,NEXT-i5-IDT-284,CTCATTGC,GTTCCATG,,,H23
NEXT-i7-IDT-284,NEXT-i5-IDT-380,CATGGAAC,CCTAGAGA,,,H24
NEXT-i7-IDT-189,NEXT-i5-IDT-5,AGAGGTTG,TCGACAAG,,,I1
NEXT-i7-IDT-5,NEXT-i5-IDT-101,CTTGTCGA,ACGGTACA,,,I2
NEXT-i7-IDT-101,NEXT-i5-IDT-13,TGTACCGT,GTAGCGTA,,,I3
NEXT-i7-IDT-13,NEXT-i5-IDT-109,TACGCTAC,CAGGTAAG,,,I4
NEXT-i7-IDT-109,NEXT-i5-IDT-21,CTTACCTG,TCGGATTC,,,I5
NEXT-i7-IDT-21,NEXT-i5-IDT-117,GAATCCGA,ATCCGTTG,,,I6
NEXT-i7-IDT-117,NEXT-i5-IDT-29,CAACGGAT,AGTTGTGC,,,I7
NEXT-i7-IDT-29,NEXT-i5-IDT-125,GCACAACT,TCAGACAC,,,I8
NEXT-i7-IDT-125,NEXT-i5-IDT-37,GTGTCTGA,CAGTCACA,,,I9
NEXT-i7-IDT-37,NEXT-i5-IDT-133,TGTGACTG,AACCGTGT,,,I10
NEXT-i7-IDT-133,NEXT-i5-IDT-45,ACACGGTT,TGCGTAAC,,,I11
NEXT-i7-IDT-45,NEXT-i5-IDT-141,GTTACGCA,CCAACACT,,,I12
NEXT-i7-IDT-141,NEXT-i5-IDT-53,AGTGTTGG,ACATGCCA,,,I13
NEXT-i7-IDT-53,NEXT-i5-IDT-149,TGGCATGT,ATGCGTCA,,,I14
NEXT-i7-IDT-149,NEXT-i5-IDT-61,TGACGCAT,AGCTACCA,,,I15
NEXT-i7-IDT-61,NEXT-i5-IDT-157,TGGTAGCT,CACGCAAT,,,I16
NEXT-i7-IDT-157,NEXT-i5-IDT-69,ATTGCGTG,TTGGACTG,,,I17
NEXT-i7-IDT-69,NEXT-i5-IDT-165,CAGTCCAA,ATCTCCTG,,,I18
NEXT-i7-IDT-165,NEXT-i5-IDT-77,CAGGAGAT,CTCCTAGT,,,I19
NEXT-i7-IDT-77,NEXT-i5-IDT-173,ACTAGGAG,ATCGCAAC,,,I20
NEXT-i7-IDT-173,NEXT-i5-IDT-85,GTTGCGAT,AACAGGTG,,,I21
NEXT-i7-IDT-85,NEXT-i5-IDT-181,CACCTGTT,AGCAGACA,,,I22
NEXT-i7-IDT-181,NEXT-i5-IDT-93,TGTCTGCT,ACCGGTTA,,,I23
NEXT-i7-IDT-93,NEXT-i5-IDT-189,TAACCGGT,CAACCTCT,,,I24
NEXT-i7-IDT-381,NEXT-i5-IDT-197,CGCTAGTA,AGTACACG,,,J1
NEXT-i7-IDT-197,NEXT-i5-IDT-293,CGTGTACT,TTACCGAC,,,J2
NEXT-i7-IDT-293,NEXT-i5-IDT-205,GTCGGTAA,ATACGCAG,,,J3
NEXT-i7-IDT-205,NEXT-i5-IDT-301,CTGCGTAT,GCGTTAGA,,,J4
NEXT-i7-IDT-301,NEXT-i5-IDT-213,TCTAACGC,TTCGGCTA,,,J5
NEXT-i7-IDT-213,NEXT-i5-IDT-309,TAGCCGAA,CCGATGTA,,,J6
NEXT-i7-IDT-309,NEXT-i5-IDT-221,TACATCGG,AATCGCTG,,,J7
NEXT-i7-IDT-221,NEXT-i5-IDT-317,CAGCGATT,CACAGACT,,,J8
NEXT-i7-IDT-317,NEXT-i5-IDT-229,AGTCTGTG,CCAAGGTT,,,J9
NEXT-i7-IDT-229,NEXT-i5-IDT-325,AACCTTGG,CTCGGTAA,,,J10
NEXT-i7-IDT-325,NEXT-i5-IDT-237,TTACCGAG,CCTTCCAT,,,J11
NEXT-i7-IDT-237,NEXT-i5-IDT-333,ATGGAAGG,ACAGCAAG,,,J12
NEXT-i7-IDT-333,NEXT-i5-IDT-245,CTTGCTGT,TGGTGAAG,,,J13
NEXT-i7-IDT-245,NEXT-i5-IDT-341,CTTCACCA,ACCTCTTC,,,J14
NEXT-i7-IDT-341,NEXT-i5-IDT-253,GAAGAGGT,GATGCTAC,,,J15
NEXT-i7-IDT-253,NEXT-i5-IDT-349,GTAGCATC,AAGCGTTC,,,J16
NEXT-i7-IDT-349,NEXT-i5-IDT-261,GAACGCTT,AGGCTGAA,,,J17
NEXT-i7-IDT-261,NEXT-i5-IDT-357,TTCAGCCT,GAGACCAA,,,J18
NEXT-i7-IDT-357,NEXT-i5-IDT-269,TTGGTCTC,AAGAGGCA,,,J19
NEXT-i7-IDT-269,NEXT-i5-IDT-365,TGCCTCTT,GCTTCACA,,,J20
NEXT-i7-IDT-365,NEXT-i5-IDT-277,TGTGAAGC,TGACCGTT,,,J21
NEXT-i7-IDT-277,NEXT-i5-IDT-373,AACGGTCA,CTCTATCG,,,J22
NEXT-i7-IDT-373,NEXT-i5-IDT-285,CGATAGAG,GCATCCTA,,,J23
NEXT-i7-IDT-285,NEXT-i5-IDT-381,TAGGATGC,TACTAGCG,,,J24
NEXT-i7-IDT-190,NEXT-i5-IDT-6,ACCATCCA,CCTTGGAA,,,K1
NEXT-i7-IDT-6,NEXT-i5-IDT-102,TTCCAAGG,CTCGACTT,,,K2
NEXT-i7-IDT-102,NEXT-i5-IDT-14,AAGTCGAG,AGAGTCCA,,,K3
NEXT-i7-IDT-14,NEXT-i5-IDT-110,TGGACTCT,GTATCGAG,,,K4
NEXT-i7-IDT-110,NEXT-i5-IDT-22,CTCGATAC,AACAGCGA,,,K5
NEXT-i7-IDT-22,NEXT-i5-IDT-118,TCGCTGTT,GATAGCCA,,,K6
NEXT-i7-IDT-118,NEXT-i5-IDT-30,TGGCTATC,AATGACGC,,,K7
NEXT-i7-IDT-30,NEXT-i5-IDT-126,GCGTCATT,CGAAGTCA,,,K8
NEXT-i7-IDT-126,NEXT-i5-IDT-38,TGACTTCG,TCGATGAC,,,K9
NEXT-i7-IDT-38,NEXT-i5-IDT-134,GTCATCGA,CGCGTATT,,,K10
NEXT-i7-IDT-134,NEXT-i5-IDT-46,AATACGCG,AACACGCT,,,K11
NEXT-i7-IDT-46,NEXT-i5-IDT-142,AGCGTGTT,GAGAGTAC,,,K12
NEXT-i7-IDT-142,NEXT-i5-IDT-54,GTACTCTC,GTCAACAG,,,K13
NEXT-i7-IDT-54,NEXT-i5-IDT-150,CTGTTGAC,TACATCGG,,,K14
NEXT-i7-IDT-150,NEXT-i5-IDT-62,CCGATGTA,AGATTGCG,,,K15
NEXT-i7-IDT-62,NEXT-i5-IDT-158,CGCAATCT,AGCTTCAG,,,K16
NEXT-i7-IDT-158,NEXT-i5-IDT-70,CTGAAGCT,GTCTGCAA,,,K17
NEXT-i7-IDT-70,NEXT-i5-IDT-166,TTGCAGAC,TCACGATG,,,K18
NEXT-i7-IDT-166,NEXT-i5-IDT-78,CATCGTGA,ACTCCTAC,,,K19
NEXT-i7-IDT-78,NEXT-i5-IDT-174,GTAGGAGT,ACGTCGTT,,,K20
NEXT-i7-IDT-174,NEXT-i5-IDT-86,AACGACGT,AGTCGAAG,,,K21
NEXT-i7-IDT-86,NEXT-i5-IDT-182,CTTCGACT,GTTAAGCG,,,K22
NEXT-i7-IDT-182,NEXT-i5-IDT-94,CGCTTAAC,GAACGGTT,,,K23
NEXT-i7-IDT-94,NEXT-i5-IDT-190,AACCGTTC,TGGATGGT,,,K24
NEXT-i7-IDT-382,NEXT-i5-IDT-198,AATGGACG,TGTCAGTG,,,L1
NEXT-i7-IDT-198,NEXT-i5-IDT-294,CACTGACA,ACCTTCGA,,,L2
NEXT-i7-IDT-294,NEXT-i5-IDT-206,TCGAAGGT,AAGACCGT,,,L3
NEXT-i7-IDT-206,NEXT-i5-IDT-302,ACGGTCTT,TTGCGAGA,,,L4
NEXT-i7-IDT-302,NEXT-i5-IDT-214,TCTCGCAA,ACCGACAA,,,L5
NEXT-i7-IDT-214,NEXT-i5-IDT-310,TTGTCGGT,TAGGAGCT,,,L6
NEXT-i7-IDT-310,NEXT-i5-IDT-222,AGCTCCTA,AGTGACCT,,,L7
NEXT-i7-IDT-222,NEXT-i5-IDT-318,AGGTCACT,TCGAACCT,,,L8
NEXT-i7-IDT-318,NEXT-i5-IDT-230,AGGTTCGA,ACGTATGG,,,L9
NEXT-i7-IDT-230,NEXT-i5-IDT-326,CCATACGT,TACAGAGC,,,L10
NEXT-i7-IDT-326,NEXT-i5-IDT-238,GCTCTGTA,ATACTGGC,,,L11
NEXT-i7-IDT-238,NEXT-i5-IDT-334,GCCAGTAT,GAATGGCA,,,L12
NEXT-i7-IDT-334,NEXT-i5-IDT-246,TGCCATTC,TAGCTGAG,,,L13
NEXT-i7-IDT-246,NEXT-i5-IDT-342,CTCAGCTA,CATTCGTC,,,L14
NEXT-i7-IDT-342,NEXT-i5-IDT-254,GACGAATG,AGGAACAC,,,L15
NEXT-i7-IDT-254,NEXT-i5-IDT-350,GTGTTCCT,CGATTCTG,,,L16
NEXT-i7-IDT-350,NEXT-i5-IDT-262,CAGAATCG,ATCGGAGA,,,L17
NEXT-i7-IDT-262,NEXT-i5-IDT-358,TCTCCGAT,AACAAGGC,,,L18
NEXT-i7-IDT-358,NEXT-i5-IDT-270,GCCTTGTT,GAAGACTG,,,L19
NEXT-i7-IDT-270,NEXT-i5-IDT-366,CAGTCTTC,ACCGAATG,,,L20
NEXT-i7-IDT-366,NEXT-i5-IDT-278,CATTCGGT,CATCTGCT,,,L21
NEXT-i7-IDT-278,NEXT-i5-IDT-374,AGCAGATG,ACTCTCCA,,,L22
NEXT-i7-IDT-374,NEXT-i5-IDT-286,TGGAGAGT,CCATGAAC,,,L23
NEXT-i7-IDT-286,NEXT-i5-IDT-382,GTTCATGG,CGTCCATT,,,L24
NEXT-i7-IDT-191,NEXT-i5-IDT-7,GTGGATAG,ATCATGCG,,,M1
NEXT-i7-IDT-7,NEXT-i5-IDT-103,CGCATGAT,ACAACGTG,,,M2
NEXT-i7-IDT-103,NEXT-i5-IDT-15,CACGTTGT,GCTACTCT,,,M3
NEXT-i7-IDT-15,NEXT-i5-IDT-111,AGAGTAGC,TTCACGGA,,,M4
NEXT-i7-IDT-111,NEXT-i5-IDT-23,TCCGTGAA,CCAACGAA,,,M5
NEXT-i7-IDT-23,NEXT-i5-IDT-119,TTCGTTGG,TATGACCG,,,M6
NEXT-i7-IDT-119,NEXT-i5-IDT-31,CGGTCATA,TACCGGAT,,,M7
NEXT-i7-IDT-31,NEXT-i5-IDT-127,ATCCGGTA,GTGATCCA,,,M8
NEXT-i7-IDT-127,NEXT-i5-IDT-39,TGGATCAC,GAAGTGCT,,,M9
NEXT-i7-IDT-39,NEXT-i5-IDT-135,AGCACTTC,AGTTCGCA,,,M10
NEXT-i7-IDT-135,NEXT-i5-IDT-47,TGCGAACT,ACTCGATC,,,M11
NEXT-i7-IDT-47,NEXT-i5-IDT-143,GATCGAGT,AGATACGG,,,M12
NEXT-i7-IDT-143,NEXT-i5-IDT-55,CCGTATCT,GTGGTATG,,,M13
NEXT-i7-IDT-55,NEXT-i5-IDT-151,CATACCAC,ACTGCGAA,,,M14
NEXT-i7-IDT-151,NEXT-i5-IDT-63,TTCGCAGT,CACACATC,,,M15
NEXT-i7-IDT-63,NEXT-i5-IDT-159,GATGTGTG,CCTCGTTA,,,M16
NEXT-i7-IDT-159,NEXT-i5-IDT-71,TAACGAGG,CCACATTG,,,M17
NEXT-i7-IDT-71,NEXT-i5-IDT-167,CAATGTGG,CCACAACA,,,M18
NEXT-i7-IDT-167,NEXT-i5-IDT-79,TGTTGTGG,CAATCAGG,,,M19
NEXT-i7-IDT-79,NEXT-i5-IDT-175,CCTGATTG,CGAATACG,,,M20
NEXT-i7-IDT-175,NEXT-i5-IDT-87,CGTATTCG,TGGAAGCA,,,M21
NEXT-i7-IDT-87,NEXT-i5-IDT-183,TGCTTCCA,CATGGATC,,,M22
NEXT-i7-IDT-183,NEXT-i5-IDT-95,GATCCATG,CTGTACCA,,,M23
NEXT-i7-IDT-95,NEXT-i5-IDT-191,TGGTACAG,CTATCCAC,,,M24
NEXT-i7-IDT-383,NEXT-i5-IDT-199,GATAGCGA,GACTACGA,,,N1
NEXT-i7-IDT-199,NEXT-i5-IDT-295,TCGTAGTC,ACGCTTCT,,,N2
NEXT-i7-IDT-295,NEXT-i5-IDT-207,AGAAGCGT,CTCCAATC,,,N3
NEXT-i7-IDT-207,NEXT-i5-IDT-303,GATTGGAG,ACACCGAT,,,N4
NEXT-i7-IDT-303,NEXT-i5-IDT-215,ATCGGTGT,CGTAGATG,,,N5
NEXT-i7-IDT-215,NEXT-i5-IDT-311,CATCTACG,CAACGAGT,,,N6
NEXT-i7-IDT-311,NEXT-i5-IDT-223,ACTCGTTG,CGAATTGC,,,N7
NEXT-i7-IDT-223,NEXT-i5-IDT-319,GCAATTCG,GCATAGTC,,,N8
NEXT-i7-IDT-319,NEXT-i5-IDT-231,GACTATGC,AAGGACCA,,,N9
NEXT-i7-IDT-231,NEXT-i5-IDT-327,TGGTCCTT,GCATAACG,,,N10
NEXT-i7-IDT-327,NEXT-i5-IDT-239,CGTTATGC,AACCTACG,,,N11
NEXT-i7-IDT-239,NEXT-i5-IDT-335,CGTAGGTT,CGGATCAA,,,N12
NEXT-i7-IDT-335,NEXT-i5-IDT-247,TTGATCCG,AGAGCAGA,,,N13
NEXT-i7-IDT-247,NEXT-i5-IDT-343,TCTGCTCT,TTCCTCCT,,,N14
NEXT-i7-IDT-343,NEXT-i5-IDT-255,AGGAGGAA,ACCATCCT,,,N15
NEXT-i7-IDT-255,NEXT-i5-IDT-351,AGGATGGT,GCAACCAT,,,N16
NEXT-i7-IDT-351,NEXT-i5-IDT-263,ATGGTTGC,GATACCTG,,,N17
NEXT-i7-IDT-263,NEXT-i5-IDT-359,CAGGTATC,CCAGTATC,,,N18
NEXT-i7-IDT-359,NEXT-i5-IDT-271,GATACTGG,CCGTTATG,,,N19
NEXT-i7-IDT-271,NEXT-i5-IDT-367,CATAACGG,CTCACCAA,,,N20
NEXT-i7-IDT-367,NEXT-i5-IDT-279,TTGGTGAG,CGCTGATA,,,N21
NEXT-i7-IDT-279,NEXT-i5-IDT-375,TATCAGCG,CAGCATAC,,,N22
NEXT-i7-IDT-375,NEXT-i5-IDT-287,GTATGCTG,ATCCACGA,,,N23
NEXT-i7-IDT-287,NEXT-i5-IDT-383,TCGTGGAT,TCGCTATC,,,N24
NEXT-i7-IDT-192,NEXT-i5-IDT-8,CTGAGATC,TGTTCCGT,,,O1
NEXT-i7-IDT-8,NEXT-i5-IDT-104,ACGGAACA,TGCTGTGA,,,O2
NEXT-i7-IDT-104,NEXT-i5-IDT-16,TCACAGCA,CTCTGGAT,,,O3
NEXT-i7-IDT-16,NEXT-i5-IDT-112,ATCCAGAG,GAGCTCTA,,,O4
NEXT-i7-IDT-112,NEXT-i5-IDT-24,TAGAGCTC,CAGTGCTT,,,O5
NEXT-i7-IDT-24,NEXT-i5-IDT-120,AAGCACTG,CGATTGGA,,,O6
NEXT-i7-IDT-120,NEXT-i5-IDT-32,TCCAATCG,TTGCAACG,,,O7
NEXT-i7-IDT-32,NEXT-i5-IDT-128,CGTTGCAA,ACTGGTGT,,,O8
NEXT-i7-IDT-128,NEXT-i5-IDT-40,ACACCAGT,CTTCCTTC,,,O9
NEXT-i7-IDT-40,NEXT-i5-IDT-136,GAAGGAAG,TAGTCAGC,,,O10
NEXT-i7-IDT-136,NEXT-i5-IDT-48,GCTGACTA,TGAGCTGT,,,O11
NEXT-i7-IDT-48,NEXT-i5-IDT-144,ACAGCTCA,GTTCTTCG,,,O12
NEXT-i7-IDT-144,NEXT-i5-IDT-56,CGAAGAAC,CCAACTTC,,,O13
NEXT-i7-IDT-56,NEXT-i5-IDT-152,GAAGTTGG,TCTGTCGT,,,O14
NEXT-i7-IDT-152,NEXT-i5-IDT-64,ACGACAGA,GAGCAATC,,,O15
NEXT-i7-IDT-64,NEXT-i5-IDT-160,GATTGCTC,TGAGACGA,,,O16
NEXT-i7-IDT-160,NEXT-i5-IDT-72,TCGTCTCA,GATGGAGT,,,O17
NEXT-i7-IDT-72,NEXT-i5-IDT-168,ACTCCATC,AGGTCTGT,,,O18
NEXT-i7-IDT-168,NEXT-i5-IDT-80,ACAGACCT,TCGTGCAT,,,O19
NEXT-i7-IDT-80,NEXT-i5-IDT-176,ATGCACGA,TGCTTGCT,,,O20
NEXT-i7-IDT-176,NEXT-i5-IDT-88,AGCAAGCA,CTCGTTCT,,,O21
NEXT-i7-IDT-88,NEXT-i5-IDT-184,AGAACGAG,ACAGAGGT,,,O22
NEXT-i7-IDT-184,NEXT-i5-IDT-96,ACCTCTGT,GCGCATAT,,,O23
NEXT-i7-IDT-96,NEXT-i5-IDT-192,ATATGCGC,GATCTCAG,,,O24
NEXT-i7-IDT-384,NEXT-i5-IDT-200,CGACCATT,TTACGTGC,,,P1
NEXT-i7-IDT-200,NEXT-i5-IDT-296,GCACGTAA,GAGTAGAG,,,P2
NEXT-i7-IDT-296,NEXT-i5-IDT-208,CTCTACTC,TCTGGACA,,,P3
NEXT-i7-IDT-208,NEXT-i5-IDT-304,TGTCCAGA,CGTATCTC,,,P4
NEXT-i7-IDT-304,NEXT-i5-IDT-216,GAGATACG,CTGTATGC,,,P5
NEXT-i7-IDT-216,NEXT-i5-IDT-312,GCATACAG,TGTGTCAG,,,P6
NEXT-i7-IDT-312,NEXT-i5-IDT-224,CTGACACA,CAAGAAGC,,,P7
NEXT-i7-IDT-224,NEXT-i5-IDT-320,GCTTCTTG,CTCCTGAA,,,P8
NEXT-i7-IDT-320,NEXT-i5-IDT-232,TTCAGGAG,TATGCGGT,,,P9
NEXT-i7-IDT-232,NEXT-i5-IDT-328,ACCGCATA,GATCAGAC,,,P10
NEXT-i7-IDT-328,NEXT-i5-IDT-240,GTCTGATC,CATACTCG,,,P11
NEXT-i7-IDT-240,NEXT-i5-IDT-336,CGAGTATG,ACTGCACT,,,P12
NEXT-i7-IDT-336,NEXT-i5-IDT-248,AGTGCAGT,CTTCGGTT,,,P13
NEXT-i7-IDT-248,NEXT-i5-IDT-344,AACCGAAG,GCTGTAAG,,,P14
NEXT-i7-IDT-344,NEXT-i5-IDT-256,CTTACAGC,GAACGTGA,,,P15
NEXT-i7-IDT-256,NEXT-i5-IDT-352,TCACGTTC,AATCCAGC,,,P16
NEXT-i7-IDT-352,NEXT-i5-IDT-264,GCTGGATT,TCCTGACT,,,P17
NEXT-i7-IDT-264,NEXT-i5-IDT-360,AGTCAGGA,CCTCGAAT,,,P18
NEXT-i7-IDT-360,NEXT-i5-IDT-272,ATTCGAGG,CTAGCAGT,,,P19
NEXT-i7-IDT-272,NEXT-i5-IDT-368,ACTGCTAG,CAGAACTG,,,P20
NEXT-i7-IDT-368,NEXT-i5-IDT-280,CAGTTCTG,TCGTCTGA,,,P21
NEXT-i7-IDT-280,NEXT-i5-IDT-376,TCAGACGA,TACTCCAG,,,P22
NEXT-i7-IDT-376,NEXT-i5-IDT-288,CTGGAGTA,GAGAAGGT,,,P23
NEXT-i7-IDT-288,NEXT-i5-IDT-384,ACCTTCTC,AATGGTCG,,,P24
